     0.0600000
     0.1200000
     0.1800000
     0.2400000
     0.3000000
     0.3600000
     0.4200000
     0.4800000
     0.5400000
     0.6000000
     0.6600000
     0.7200000
     0.7800000
     0.8400000
     0.9000000
     0.9600000
     1.0200000
     1.0800000
     1.1400000
     1.2000000
     1.2600000
     1.3200000
     1.3800000
     1.4400000
     1.5000000
     1.5600000
     1.6200000
     1.6800000
     1.7400000
     1.8000000
     1.8600000
     1.9200000
     1.9800000
     2.0400000
     2.1000000
     2.1600000
     2.2200000
     2.2800000
     2.3400000
     2.4000000
     2.4600000
     2.5200000
     2.5800000
     2.6400000
     2.7000000
     2.7600000
     2.8200000
     2.8800000
     2.9400000
     3.0000000
     3.0600000
     3.1200000
     3.1800000
     3.2400000
     3.3000000
     3.3600000
     3.4200000
     3.4800000
     3.5400000
     3.6000000
     3.6600000
     3.7200000
     3.7800000
     3.8400000
     3.9000000
     3.9600000
     4.0200000
     4.0800000
     4.1400000
     4.2000000
     4.2600000
     4.3200000
     4.3800000
     4.4400000
     4.5000000
     4.5600000
     4.6200000
     4.6800000
     4.7400000
     4.8000000
     4.8600000
     4.9200000
     4.9800000
     5.0400000
     5.1000000
     5.1600000
     5.2200000
     5.2800000
     5.3400000
     5.4000000
     5.4600000
     5.5200000
     5.5800000
     5.6400000
     5.7000000
     5.7600000
     5.8200000
     5.8800000
     5.9400000
     6.0000000
